model,ablation,predicted,fold,fold_id,type,subject,joint,polDegree,FNO_batch,FNO_nbMod,FNO_nbHC,FNO_maxIt,fitTime,posRMSE,velRMSE,posAAE,velAAE,tauRMSE,tauAAE,pErrMax,vErrMax,pErrStd,vErrStd,tauErrMax,tauErrStd
FNO,torques,posvel,3-fold,fold1,train,S01_a,shoulder,,1000,8,16,100,2223.7590837478638,0.29123506572392605,0.04865674722553128,0.24971079200323687,0.03986857030929229,1.2336483727895597,0.9635776464168649,0.6930059619896534,0.15244988276607535,0.27434800274843885,0.04072665493225691,3.8981745658811837,1.1150369082220568
FNO,torques,posvel,3-fold,fold1,train,S01_a,elbow,,1000,8,16,100,2223.7590837478638,0.29544017684929547,0.07802450311725982,0.2639611440175983,0.06742937168204012,0.6823428262228498,0.5714364738628793,0.669418062211639,0.17491218157500543,0.15792406892029154,0.050639263897589444,1.8059350223707942,0.5238053751045231
FNO,torques,posvel,3-fold,fold1,train,S02_a,shoulder,,1000,8,16,100,2223.7590837478638,0.29093614941143536,0.06556809320792717,0.24279014594737253,0.053051697388097625,1.7862159306848326,1.5372911373241758,1.6259850564459448,0.35937429802974513,0.2636419714333397,0.05209898095726004,8.054302950256142,0.9856678161531304
FNO,torques,posvel,3-fold,fold1,train,S02_a,elbow,,1000,8,16,100,2223.7590837478638,0.6405154606076405,0.08834138259598559,0.6238235649142679,0.08231155527970771,1.5825819161105061,1.468315436863309,0.9972661647865158,0.3090104921882731,0.14527289883206712,0.03228736418280821,3.1656547795528467,0.6294228654232019
FNO,torques,posvel,3-fold,fold1,train,S04_a,shoulder,,1000,8,16,100,2223.7590837478638,0.26582632042023285,0.06253249951892702,0.23147064868101644,0.05082758788938146,1.6574262427832447,1.3204591104908512,0.6325515528889859,0.2024065671351374,0.26248334101867676,0.05212033418077219,4.937566269182331,1.3984381567704638
FNO,torques,posvel,3-fold,fold1,train,S04_a,elbow,,1000,8,16,100,2223.7590837478638,0.2261114709159496,0.06858979067686864,0.19749071671281476,0.05875181888311741,0.7016985025774576,0.5577064695283942,0.6110507058736734,0.23475511480202715,0.20801599274466778,0.04332847479818672,2.246588000505869,0.5757579275083696
FNO,torques,posvel,3-fold,fold1,train,S05_a,shoulder,,1000,8,16,100,2223.7590837478638,0.2952880449846091,0.041040291661139615,0.2506835493801483,0.034231891216196,1.413101238727052,1.0769273948773266,0.7810788887708555,0.14926355016364307,0.28102769460674254,0.03519218402382013,4.4021457991155994,1.1226716958882146
FNO,torques,posvel,3-fold,fold1,train,S05_a,elbow,,1000,8,16,100,2223.7590837478638,0.2402895865075153,0.10194657189380844,0.20011251138368924,0.08801632735363793,0.469458903217358,0.3775792056724267,0.8049435339543458,0.21932900272035924,0.23768358293494807,0.05715856451250249,1.6747895841249707,0.3310219632492456
FNO,torques,posvel,3-fold,fold1,train,S09_a,shoulder,,1000,8,16,100,2223.7590837478638,0.3123176313790983,0.06668726956933253,0.2725721217716159,0.056110690321503676,2.7378992192794156,2.217423506309778,0.7111378281301501,0.24410549816476987,0.29525279836607027,0.05330742081599316,7.250335243286525,1.719748871105801
FNO,torques,posvel,3-fold,fold1,train,S09_a,elbow,,1000,8,16,100,2223.7590837478638,0.4149050680111385,0.06870782477898216,0.3673451548557885,0.0569068645800083,1.4415488280353412,1.2953982023580461,1.1103532616504568,0.2502376353262271,0.23591335859072626,0.04697730754988734,3.691861606669105,0.6533101550702217
FNO,torques,posvel,3-fold,fold1,train,S10_a,shoulder,,1000,8,16,100,2223.7590837478638,0.22085919137913293,0.053498953132875046,0.1867513501879183,0.04446075439201982,1.4923718352167186,1.3657361465471645,0.5776948228540375,0.19537761470267834,0.2055421216243397,0.03068538242660758,3.33167390083929,0.6016132250562803
FNO,torques,posvel,3-fold,fold1,train,S10_a,elbow,,1000,8,16,100,2223.7590837478638,0.5172328499149753,0.10166337104077326,0.4901628496968999,0.09731550760324119,1.1338224814948552,1.105066845664217,0.9012518295308585,0.16835142112079796,0.16594609471938995,0.02941413912548506,1.857975389187633,0.25373349435360104
FNO,torques,posvel,3-fold,fold1,train,S12_c,shoulder,,1000,8,16,100,2223.7590837478638,0.3932706624016477,0.03659350238586578,0.3166500726580981,0.030791883927051792,2.6233439315737903,2.0628605073288675,1.1138993834143844,0.11464434687135656,0.3810780523075142,0.03265954077391838,8.439753472602382,2.5115826780443142
FNO,torques,posvel,3-fold,fold1,train,S12_c,elbow,,1000,8,16,100,2223.7590837478638,0.36780028659992015,0.039121981092467596,0.2976883395782496,0.033881871549094014,0.7348190454654427,0.5723867237080337,1.138273089295373,0.11074546344262051,0.3557046253255652,0.025120272941612353,2.410218860818157,0.7265415734111638
FNO,torques,posvel,3-fold,fold1,train,S13_c,shoulder,,1000,8,16,100,2223.7590837478638,0.3612390397446703,0.03941247864437931,0.2908584507899804,0.032360690568932884,2.0301337793353778,1.6119987580678856,1.0408284217140555,0.1493736545782233,0.36116053883667315,0.03501151215746263,6.150584119935483,2.0255368730756587
FNO,torques,posvel,3-fold,fold1,train,S13_c,elbow,,1000,8,16,100,2223.7590837478638,0.352514051891036,0.027788863981053513,0.28414561872137284,0.023021940510352997,0.8552942837943455,0.6808361209202851,1.1178264552957387,0.11864172507009159,0.3518997618771454,0.02634140297194501,2.964631758601586,0.8413100761339761
FNO,torques,posvel,3-fold,fold1,train,S14_c,shoulder,,1000,8,16,100,2223.7590837478638,0.4410888786034253,0.041938056587026,0.3447474941939206,0.03154384192166751,1.8919072577632472,1.4287468994032022,1.425047013109933,0.2043989826641908,0.40991293722833205,0.04171196006098564,6.641688012905579,1.6788008413031583
FNO,torques,posvel,3-fold,fold1,train,S14_c,elbow,,1000,8,16,100,2223.7590837478638,0.35436256667823296,0.023215549594446987,0.2779923760465207,0.01890994463881303,0.5062291696374555,0.4218346007067666,1.405680783915785,0.08919605126638075,0.3520496274507135,0.021823557804951498,1.3896369426536939,0.4912930887985902
FNO,torques,posvel,3-fold,fold1,train,S16_c,shoulder,,1000,8,16,100,2223.7590837478638,0.3209482345791776,0.04128115714932926,0.27070261679350693,0.03441835425304425,2.8672045816090215,2.410263161454789,0.9092983756341879,0.14948398467032425,0.31580586526541965,0.03675213029337856,7.279952949936889,2.7523661270430564
FNO,torques,posvel,3-fold,fold1,train,S16_c,elbow,,1000,8,16,100,2223.7590837478638,0.3761930916244162,0.05696204974697817,0.3134110028019486,0.0506068004730107,1.3621826057916113,1.0185803725275957,0.9456807128818122,0.14062336577063264,0.3108711249272667,0.02995721168436215,3.6693760473863324,1.109706299249678
FNO,torques,posvel,3-fold,fold1,train,S2_c,shoulder,,1000,8,16,100,2223.7590837478638,0.38287319639755124,0.03914221155758437,0.33163834740086523,0.03208295598343637,2.2213785797461276,1.8873899255984234,0.8578850421175228,0.18600596923246165,0.3286582696178899,0.03456286223203322,6.137341995899385,1.992399610496954
FNO,torques,posvel,3-fold,fold1,train,S2_c,elbow,,1000,8,16,100,2223.7590837478638,0.30397833215123754,0.04217530185160006,0.2522588023825769,0.036362771692841904,1.01337143140573,0.7732445267581513,0.8295300055873123,0.12472639003487751,0.30383558045606734,0.02694870803557806,3.358190706401918,0.875595922944384
FNO,torques,posvel,3-fold,fold1,train,S3_c,shoulder,,1000,8,16,100,2223.7590837478638,0.37178047135294984,0.03905688919487739,0.2997342960977067,0.030827083605242164,2.3207502236563697,1.835775384158312,1.2441361602814756,0.16657521513750367,0.36877796939803076,0.03903600656460982,8.057481108157091,2.295185380799113
FNO,torques,posvel,3-fold,fold1,train,S3_c,elbow,,1000,8,16,100,2223.7590837478638,0.3101446165636395,0.03150948983826557,0.2511848635810001,0.023933681133613962,0.8285792409310772,0.6589051470386252,0.9695388733131459,0.17218117972100996,0.2944193562243641,0.030866649662480483,2.883657319764951,0.8069678447131424
FNO,torques,posvel,3-fold,fold1,train,S4_c,shoulder,,1000,8,16,100,2223.7590837478638,0.39248574885036935,0.044873374194558724,0.3271145232565004,0.035326790747959066,2.4176556963142013,2.0033357447561198,0.97257441856947,0.18475222091023302,0.38325771782211554,0.03544827421396549,6.667728816019548,2.304866732116569
FNO,torques,posvel,3-fold,fold1,train,S4_c,elbow,,1000,8,16,100,2223.7590837478638,0.5030180224874875,0.04798598801154019,0.4067905540363974,0.04019582102943975,1.122374739045946,0.8463232945906175,1.469886113998149,0.16866998038008912,0.4420110305447078,0.031012062655010195,3.8342164270140575,0.8577509464799922
FNO,torques,posvel,3-fold,fold1,train,S5_c,shoulder,,1000,8,16,100,2223.7590837478638,0.3393656277416367,0.04167513376145339,0.2764262502351282,0.03547018281473753,2.6742910414711205,2.133238621368142,0.9681738409584626,0.12996246516096277,0.33903184952233756,0.031491802074451736,8.678583896162042,2.655099512233203
FNO,torques,posvel,3-fold,fold1,train,S5_c,elbow,,1000,8,16,100,2223.7590837478638,0.30223679405594506,0.03487057295266996,0.24752155654346147,0.030315938642111677,0.940449538124824,0.7435785586503931,1.136402443592035,0.11323220401953402,0.3013457869826286,0.02811806230514498,3.097315363960082,0.9269392039276925
FNO,torques,posvel,3-fold,fold1,train,S6_c,shoulder,,1000,8,16,100,2223.7590837478638,0.36384294481999085,0.05506251721094569,0.3006101583310374,0.04418464196648002,2.6002275593209365,2.1659653355584787,0.9964012020353572,0.2771153539971769,0.356503467277962,0.049255586485329815,7.3530460044432235,2.533440255170307
FNO,torques,posvel,3-fold,fold1,train,S6_c,elbow,,1000,8,16,100,2223.7590837478638,0.32511087564351077,0.0696198561471967,0.2600445092093758,0.06135030502542334,0.9269186640752953,0.6798768899700977,1.0712229119066288,0.23995321458974508,0.2447057168430429,0.04381162018439411,3.6938858493952322,0.7360899779121203
FNO,torques,posvel,3-fold,fold1,train,S8_c,shoulder,,1000,8,16,100,2223.7590837478638,0.41837217477774724,0.0473371575921901,0.3561203139284015,0.039599277471676804,3.013602488939689,2.5851668683479514,1.3000425364800634,0.17250383641685466,0.404294463990498,0.04330208383767879,9.30682354598829,2.824386138203398
FNO,torques,posvel,3-fold,fold1,train,S8_c,elbow,,1000,8,16,100,2223.7590837478638,0.46767452078791305,0.07548476606620413,0.3878800157791232,0.0673378376227761,1.3155594105328556,1.0185578928233925,1.300860897765698,0.16221362151609411,0.3132718199840974,0.039275628747861564,4.124552723999812,0.8982133401790143
FNO,torques,posvel,3-fold,fold1,train,S9_c,shoulder,,1000,8,16,100,2223.7590837478638,0.3859973629566161,0.034186995595133926,0.31449693028186787,0.027663802282359495,2.03493714319668,1.6193329321140657,1.1358962982482521,0.1354440367939308,0.37702149923009626,0.03079621464754454,6.353440852043876,1.8938974984274386
FNO,torques,posvel,3-fold,fold1,train,S9_c,elbow,,1000,8,16,100,2223.7590837478638,0.35497077820477163,0.029759977592251057,0.2909114699590031,0.023808881175586914,0.6723029460671388,0.5725750880113558,0.960037703491124,0.15677399315342333,0.3455278352406673,0.027009849082280404,2.2057253200656164,0.6579081076422012
FNO,torques,posvel,3-fold,fold1,eval,S03_a,shoulder,,1000,8,16,100,2223.7590837478638,0.4266589030798287,0.04963277099088232,0.36345111017615056,0.039884760571399766,2.9239461919670733,2.3110618922494925,0.9629703748476077,0.17693218139036956,0.38357539514183964,0.041799079694195704,7.1603060608726015,1.9775468780803451
FNO,torques,posvel,3-fold,fold1,eval,S03_a,elbow,,1000,8,16,100,2223.7590837478638,0.3150699363296326,0.08236668089967747,0.2813255864133324,0.07098633514021149,1.0450100299488516,0.9262897289342488,0.6971530248643742,0.2079054735253687,0.2903780791306215,0.04499871794239802,2.4587987108398455,0.5419550856593248
FNO,torques,posvel,3-fold,fold1,eval,S06_a,shoulder,,1000,8,16,100,2223.7590837478638,0.23179262110445148,0.07087660094850598,0.2013411706344481,0.05619982008854498,1.7443598597932177,1.4654082591262647,0.6233738124336495,0.21865248576201618,0.2306526224270685,0.054656024802374865,5.354029477661591,0.9918331751704209
FNO,torques,posvel,3-fold,fold1,eval,S06_a,elbow,,1000,8,16,100,2223.7590837478638,0.5048209242821843,0.08055072690496524,0.475149556549554,0.07294676430630609,1.3730948557179026,1.2649438706410743,1.0107728124866218,0.2406476705635818,0.17054714405790675,0.034918194191522194,3.205582685962718,0.5364307682698929
FNO,torques,posvel,3-fold,fold1,eval,S10_c,shoulder,,1000,8,16,100,2223.7590837478638,0.42822706541437744,0.04267217032952304,0.3376754811996288,0.033862832473225996,2.4982574432768954,1.9616175832082048,1.1717778935227698,0.23207437569231076,0.3971642942385403,0.0393897255509543,7.054437952744415,2.4174019994706293
FNO,torques,posvel,3-fold,fold1,eval,S10_c,elbow,,1000,8,16,100,2223.7590837478638,0.5295102641916276,0.061128669734601467,0.42891222117065897,0.05201729121979164,0.774886238230969,0.5892545509320399,1.4072761522858968,0.35778656074505544,0.3705453660461954,0.036858548926619064,2.5572982417956123,0.6472756552754633
FNO,torques,posvel,3-fold,fold1,eval,S11_c,shoulder,,1000,8,16,100,2223.7590837478638,0.4091982575321979,0.04776849563205658,0.3239948713575428,0.039675053073940154,1.9609702551394097,1.5947139629117124,1.3621383558922633,0.1573902995470279,0.3862450771525892,0.04533715308911528,6.081968465188124,1.9383535133551757
FNO,torques,posvel,3-fold,fold1,eval,S11_c,elbow,,1000,8,16,100,2223.7590837478638,0.5251872682156256,0.06439445513420224,0.4518643530283017,0.057282263493135865,0.6836597422476125,0.5173688655744171,1.3064752983242662,0.16306973568338365,0.2969525395186726,0.03480155013114742,2.241515441540925,0.5300955380244242
FNO,torques,posvel,3-fold,fold1,eval,S12_a,shoulder,,1000,8,16,100,2223.7590837478638,0.25345673516421324,0.04952859017687948,0.21158936547684876,0.038865826837711864,1.1266816538818487,0.9310238229310507,0.6677204929522209,0.20937799832065154,0.21366946695356487,0.04563939831067608,5.570468364441911,1.1199125845818174
FNO,torques,posvel,3-fold,fold1,eval,S12_a,elbow,,1000,8,16,100,2223.7590837478638,0.2115557107211621,0.0754543092652679,0.17820897220904933,0.06245121697859256,0.6618436547795644,0.5365525315450863,0.7717269377147742,0.2549129648400776,0.14738645796761263,0.05098696971755556,2.092296795859467,0.6598462796229217
FNO,torques,posvel,3-fold,fold1,eval,S14_a,shoulder,,1000,8,16,100,2223.7590837478638,0.2550152793583151,0.04528029513326266,0.21117748347722165,0.03831576661844511,1.3455384735605398,1.139188241353074,0.6649097200869605,0.13030533356880364,0.24479785016526473,0.03079840594519354,3.040551718449594,0.7230091175531702
FNO,torques,posvel,3-fold,fold1,eval,S14_a,elbow,,1000,8,16,100,2223.7590837478638,0.4625045970052671,0.09431828213957405,0.432231494977153,0.08573860085476634,0.8947267560061892,0.8540024088580099,0.9925157922526058,0.1848165587939326,0.16718348897549046,0.039637454007884994,1.7115777361898856,0.2670037326197987
FNO,torques,posvel,3-fold,fold1,eval,S15_c,shoulder,,1000,8,16,100,2223.7590837478638,0.37828162869054166,0.033885162854084556,0.31434252970260385,0.02784514301848692,2.6981599101175315,2.2020619577774516,1.2104757341338426,0.14588189604385668,0.37288984317759283,0.029250109446934087,8.669976414419118,2.6557146569793133
FNO,torques,posvel,3-fold,fold1,eval,S15_c,elbow,,1000,8,16,100,2223.7590837478638,0.33644310179646114,0.044144120440672834,0.2662750245354506,0.038077637817856315,0.7947014607187122,0.6012582199289545,1.1112217804843412,0.11510932486169972,0.2965217501830571,0.027482866676017476,2.747963732228694,0.7429394775889399
FNO,torques,posvel,3-fold,fold1,eval,S17_c,shoulder,,1000,8,16,100,2223.7590837478638,0.3577704941293646,0.04820143231907741,0.2930619265392472,0.036217396190950324,2.8321428318193136,2.294226392671406,1.1005997317683776,0.26488219836069055,0.35601393935763614,0.04669156083725759,9.463625533415513,2.822093325299426
FNO,torques,posvel,3-fold,fold1,eval,S17_c,elbow,,1000,8,16,100,2223.7590837478638,0.33075225260887187,0.050222332864235567,0.26681282198571665,0.042043610245295,1.0375182875690505,0.7861913331399781,0.86892234367388,0.198188107711506,0.29562965481253717,0.035694692706639095,3.699374152155238,0.9639339790626105
FNO,torques,posvel,3-fold,fold1,eval,S1_c,shoulder,,1000,8,16,100,2223.7590837478638,0.37585948272417646,0.057289852898194805,0.3210955031664848,0.04832604578219966,2.918105784897455,2.5409744983527385,0.892459166786058,0.2272417767038379,0.35593752165045806,0.046097259591015745,6.921000752231954,2.579284597052419
FNO,torques,posvel,3-fold,fold1,eval,S1_c,elbow,,1000,8,16,100,2223.7590837478638,0.5394829890101682,0.08681803621805977,0.46349344155268507,0.07909180917326984,1.2875749189160646,1.0640069093632538,1.4861424116283601,0.1792274737695705,0.29265724085565875,0.03851282264570307,3.2030840331816015,0.7422249515769809
FNO,torques,posvel,3-fold,fold1,eval,S7_c,shoulder,,1000,8,16,100,2223.7590837478638,0.3709682594836495,0.04938296710055397,0.2962000087352963,0.03796164871222764,3.67557718545693,2.8374825567285464,1.093035893931998,0.268280924578089,0.35495187841055126,0.045639161449803234,11.989181797365001,3.4152024352834602
FNO,torques,posvel,3-fold,fold1,eval,S7_c,elbow,,1000,8,16,100,2223.7590837478638,0.3087168945487864,0.04737003901436359,0.2538159377686595,0.03467897168076787,1.041842841390222,0.8544016159817168,0.8978793910452442,0.26740293393995057,0.3054290208423404,0.04665592529332202,3.619568532318828,1.0380301273194568
FNO,torques,posvel,3-fold,fold2,train,S01_a,shoulder,,1000,8,16,100,2292.2739446163177,0.31674543879139816,0.05780434552899054,0.2647981041923033,0.042781259282472825,1.4782744004376656,1.126393397505276,0.8099854657680889,0.2003368784995187,0.30274022781155874,0.05507639203884793,4.587839077135014,1.2706749312069083
FNO,torques,posvel,3-fold,fold2,train,S01_a,elbow,,1000,8,16,100,2292.2739446163177,0.36314507509218713,0.031683622328584814,0.3295679720364655,0.023936361687570774,0.8821924419242,0.7495731630153473,0.6962476344342654,0.16135253675513558,0.16680255096016502,0.03155968629577321,2.1051340697788077,0.5836299400787304
FNO,torques,posvel,3-fold,fold2,train,S03_a,shoulder,,1000,8,16,100,2292.2739446163177,0.44500521054865716,0.0561302735124848,0.37994540180861075,0.044464765464627964,3.1818866993064456,2.4841618869974535,1.0669862976672835,0.18719278099775535,0.4056960992737315,0.05269515287691303,7.986252089935469,2.1042515647482842
FNO,torques,posvel,3-fold,fold2,train,S03_a,elbow,,1000,8,16,100,2292.2739446163177,0.35980126503377163,0.036977083243150057,0.31400800984570976,0.028472302812402248,1.2759626407786544,1.1512335302827477,0.8669499239502527,0.14720207079630818,0.2902325739514857,0.036487498519902385,2.85992068461119,0.5704817306843775
FNO,torques,posvel,3-fold,fold2,train,S04_a,shoulder,,1000,8,16,100,2292.2739446163177,0.29283159802770653,0.058425753311564736,0.2527136006681201,0.04435119139052429,2.066102087967546,1.6347919239186832,0.7137886062849167,0.24644173275941736,0.28753599886371434,0.05766763004873824,6.10150829469919,1.5304972846479141
FNO,torques,posvel,3-fold,fold2,train,S04_a,elbow,,1000,8,16,100,2292.2739446163177,0.30437093284153804,0.043279146884511135,0.2648151609127507,0.03235109756674127,1.0405291340276372,0.8958536727028259,0.6741199179722748,0.21287314084006176,0.2052325274891312,0.04264927319737063,2.818756360869373,0.5850822133991146
FNO,torques,posvel,3-fold,fold2,train,S06_a,shoulder,,1000,8,16,100,2292.2739446163177,0.24874362894483945,0.05353559788152658,0.2130441629550202,0.04374277676010446,2.110240867891297,1.795902629658282,0.6967089307967722,0.19557266712145427,0.24872854429438937,0.05351501670532803,5.920883045035003,1.1634593107964413
FNO,torques,posvel,3-fold,fold2,train,S06_a,elbow,,1000,8,16,100,2292.2739446163177,0.5703062754803264,0.03767396979338845,0.5469638134254556,0.02964235324557194,1.643789420611734,1.5325074486884185,1.088783546873323,0.18712429704611935,0.16177256042372795,0.03747500002126513,3.63675817763186,0.6026235772051933
FNO,torques,posvel,3-fold,fold2,train,S10_a,shoulder,,1000,8,16,100,2292.2739446163177,0.22031451832405394,0.03101931083179893,0.1848171166583745,0.022714632417021912,1.7016458312643221,1.5881842812426263,0.590036522457393,0.15576963123987667,0.19645336172407238,0.029152718026635174,3.5315437570187824,0.6109576285415287
FNO,torques,posvel,3-fold,fold2,train,S10_a,elbow,,1000,8,16,100,2292.2739446163177,0.5988494146517237,0.028779737556235287,0.5754578534779732,0.023888611845272075,1.3190549003873218,1.2921968396083217,1.0393105031461465,0.0876930423184312,0.16573738352959408,0.028401616987457853,1.9546865092659151,0.26482665640390707
FNO,torques,posvel,3-fold,fold2,train,S10_c,shoulder,,1000,8,16,100,2292.2739446163177,0.40681764316020563,0.05203237889196417,0.3273601494671994,0.043289609613630625,2.4329092642964203,2.007053600702988,1.2528772584102428,0.22357860307485536,0.4012915054057747,0.04180545793757727,7.142664255904432,2.4316078739826463
FNO,torques,posvel,3-fold,fold2,train,S10_c,elbow,,1000,8,16,100,2292.2739446163177,0.6415737122578795,0.08313038595012462,0.5429065418860922,0.06714843140775913,0.9441763378835335,0.7364061032374034,1.6260467380449475,0.20262059572006505,0.3661017366233362,0.07583881885488125,2.7837778066508303,0.6321629194604936
FNO,torques,posvel,3-fold,fold2,train,S11_c,shoulder,,1000,8,16,100,2292.2739446163177,0.41135306348509687,0.06021725787915411,0.32841266001079616,0.04510805910363656,2.0048324936550816,1.60666502018946,1.216948580887818,0.3189845108810626,0.3857861273046933,0.05979457738376876,6.0638188012279715,1.941268433477215
FNO,torques,posvel,3-fold,fold2,train,S11_c,elbow,,1000,8,16,100,2292.2739446163177,0.4120594234446587,0.05790610997575004,0.3429001267979355,0.04864446960224872,0.5925807859406872,0.4635350362447261,1.2314787501035853,0.17440455602985575,0.29972894153136687,0.05789908221114881,1.8438668154225988,0.5374226316936651
FNO,torques,posvel,3-fold,fold2,train,S12_a,shoulder,,1000,8,16,100,2292.2739446163177,0.2565610157227632,0.058846124594653826,0.21224103438703146,0.04540103962389923,1.245173440484559,1.0253120361506884,0.6592015203779306,0.30913454745162233,0.22716406873070483,0.05884228668856041,3.6517268178218183,1.234553785931588
FNO,torques,posvel,3-fold,fold2,train,S12_a,elbow,,1000,8,16,100,2292.2739446163177,0.24379541219159417,0.04224441233382493,0.21547551724832692,0.03272031297202218,0.7617412033463289,0.6310136454867231,0.5872906161777813,0.1973129935932313,0.1303601741047494,0.04218019961348324,2.119005220843144,0.7060349648539472
FNO,torques,posvel,3-fold,fold2,train,S13_c,shoulder,,1000,8,16,100,2292.2739446163177,0.361817921828169,0.048636499216487376,0.29192119627734553,0.03882327481326653,2.023792969292778,1.614204979673798,1.057299405331583,0.2389466129288886,0.3609203441562593,0.04853216037521507,6.5017582679249015,2.019754832491013
FNO,torques,posvel,3-fold,fold2,train,S13_c,elbow,,1000,8,16,100,2292.2739446163177,0.35868763746919796,0.04579435653301891,0.2897938707607489,0.03854042681787375,0.8507259055037654,0.6872009255584254,1.1582353081506342,0.16817165990368269,0.3577615122658318,0.04547517333437963,2.899500613461951,0.845735402099759
FNO,torques,posvel,3-fold,fold2,train,S14_a,shoulder,,1000,8,16,100,2292.2739446163177,0.26059697997307224,0.06483730065247943,0.21140945302641154,0.05028654275005706,1.6778794284435765,1.4947162903142364,0.6825297767549425,0.23236133312775611,0.23714030687688883,0.053087842338218935,3.479898879425818,0.7624759029249542
FNO,torques,posvel,3-fold,fold2,train,S14_a,elbow,,1000,8,16,100,2292.2739446163177,0.6055992612590455,0.027724331658243777,0.5822048301710375,0.0222624498956449,1.188417187645072,1.1556273077551198,1.1528762424028858,0.0762631262294922,0.16671630410074686,0.027405205954080136,1.8831200186706143,0.27723805197136164
FNO,torques,posvel,3-fold,fold2,train,S15_c,shoulder,,1000,8,16,100,2292.2739446163177,0.3833243100710452,0.043622021208671306,0.3211571102937517,0.035068190530355016,2.7363209006418314,2.263595149885574,1.1211309215277407,0.24152205645251068,0.3827404044406933,0.04192675608242301,8.506735749505854,2.7346781980953305
FNO,torques,posvel,3-fold,fold2,train,S15_c,elbow,,1000,8,16,100,2292.2739446163177,0.3495311313617951,0.06178305997772098,0.2777423096987704,0.050660863063722666,0.8603039547091875,0.6322811814344433,1.1395566719757375,0.16447768176456656,0.29041856487505674,0.05929311519186125,3.1081919572906656,0.7499340361610406
FNO,torques,posvel,3-fold,fold2,train,S17_c,shoulder,,1000,8,16,100,2292.2739446163177,0.3619203401755193,0.05115251929253172,0.2982866161729791,0.042141926123289035,2.8883339095710028,2.378787466262936,0.9896367125593823,0.2954402921690955,0.36127058651076704,0.046069678831055005,8.554822009113398,2.8709954316304795
FNO,torques,posvel,3-fold,fold2,train,S17_c,elbow,,1000,8,16,100,2292.2739446163177,0.35205725080272754,0.06356392169170763,0.28399374692585794,0.051289971520879066,1.1382776807533226,0.8379368338294707,0.9816319032835572,0.22715049080387018,0.29529880266355174,0.06188355139615042,3.8463527956917325,0.9685979993558341
FNO,torques,posvel,3-fold,fold2,train,S1_c,shoulder,,1000,8,16,100,2292.2739446163177,0.3672487214166279,0.058750496508819805,0.3111229317989756,0.044487298541910275,2.7956688180517357,2.4002895235245916,0.8526396750229236,0.36667984970826817,0.35027886301310024,0.057600224822241565,6.6908312359686395,2.578866196674071
FNO,torques,posvel,3-fold,fold2,train,S1_c,elbow,,1000,8,16,100,2292.2739446163177,0.41799069048256704,0.0613049813323404,0.3431842892306908,0.051395000395162954,1.1359597838772488,0.9033855729687397,1.2316877838755629,0.18987319504995098,0.3006180554944853,0.06057322897126233,3.148449325518456,0.7753073739757125
FNO,torques,posvel,3-fold,fold2,train,S2_c,shoulder,,1000,8,16,100,2292.2739446163177,0.4255638577190749,0.04620913507718138,0.36527825442162193,0.03762614774699319,2.5804131742221257,2.2083381022411377,0.9027335412948612,0.18541917245948636,0.325912000445494,0.04339129453425441,6.679618018380236,1.9922021130086183
FNO,torques,posvel,3-fold,fold2,train,S2_c,elbow,,1000,8,16,100,2292.2739446163177,0.3076152286169652,0.07009685916428138,0.2546932175021961,0.05805784883292372,1.165673255367881,0.8882111152989393,0.9444991171252222,0.16834054183256408,0.30223063393893995,0.06330440079700744,3.5439832813360512,0.8764399664089595
FNO,torques,posvel,3-fold,fold2,train,S4_c,shoulder,,1000,8,16,100,2292.2739446163177,0.46072177689037075,0.06422625974755149,0.36332747010220606,0.051201896071074574,3.788650635644533,3.080997187337974,1.2996634741119368,0.27764704527245515,0.3843204871423499,0.04506114277168626,10.479826541400971,2.31088859348716
FNO,torques,posvel,3-fold,fold2,train,S4_c,elbow,,1000,8,16,100,2292.2739446163177,0.6340332626337133,0.05206252245264264,0.5285620129293844,0.04197607548643696,1.8615355143096435,1.6779261740820575,1.456535389096715,0.18147741125778646,0.446974983115784,0.0514029226037253,3.4746470129384406,0.8830968839015234
FNO,torques,posvel,3-fold,fold2,train,S6_c,shoulder,,1000,8,16,100,2292.2739446163177,0.3948070063442702,0.05910096175263415,0.3261101575200796,0.04830121129176333,2.8721583379904927,2.416688067415801,0.9063695971287251,0.4463225620203629,0.36173065913596736,0.04777285590641885,6.707883612934516,2.5640317739628813
FNO,torques,posvel,3-fold,fold2,train,S6_c,elbow,,1000,8,16,100,2292.2739446163177,0.3937552309126913,0.07950730149619376,0.331344060016748,0.06463923826527747,1.0512757552542817,0.78317698476644,1.0893286753875087,0.35456612512156427,0.24359824460712137,0.0771076850108484,3.738879431612757,0.7313987350663573
FNO,torques,posvel,3-fold,fold2,train,S7_c,shoulder,,1000,8,16,100,2292.2739446163177,0.358128542098638,0.05306253525340497,0.29368009024237574,0.04093061892852824,3.4601807145031493,2.8569147305319054,0.9413111324397241,0.35649159556363325,0.35812513986706274,0.0455220861913173,9.872405392567302,3.4506936615583967
FNO,torques,posvel,3-fold,fold2,train,S7_c,elbow,,1000,8,16,100,2292.2739446163177,0.38909797884115976,0.0752787318279999,0.31058369083921955,0.06046716677314097,1.2629819542024674,0.9644425201748383,1.1892008945760009,0.17549394641807908,0.298199403985631,0.064928326954338,4.055102995223341,1.0063039987252236
FNO,torques,posvel,3-fold,fold2,train,S8_c,shoulder,,1000,8,16,100,2292.2739446163177,0.4057689831029603,0.0712167550015159,0.3431784327195492,0.05137946991676343,2.8340358307186633,2.342936950927514,1.2238986421409195,0.40949568381047696,0.40076531720692143,0.07119663788361773,8.632349453952322,2.8201140589885765
FNO,torques,posvel,3-fold,fold2,train,S8_c,elbow,,1000,8,16,100,2292.2739446163177,0.3296163617064455,0.07021536889546146,0.27366671488899585,0.06010408235439984,1.0286384161899742,0.7792116349537453,1.0599375688631363,0.34892185333770537,0.31757210174877665,0.06026466907952729,3.634808069383314,0.926435952508948
FNO,torques,posvel,3-fold,fold2,eval,S02_a,shoulder,,1000,8,16,100,2292.2739446163177,0.2887661540154529,0.05326364825002621,0.24468932565993765,0.04404619539340933,2.3652888825362135,2.0960087798101887,0.9815173642343255,0.1905726985663264,0.2755567569682927,0.05112669366001219,5.297177496264615,1.1027496162977868
FNO,torques,posvel,3-fold,fold2,eval,S02_a,elbow,,1000,8,16,100,2292.2739446163177,0.7900809447127376,0.03508365075512011,0.7759422961672876,0.02728897878592058,2.084295304408115,1.9667938035993116,1.2741285541775647,0.28369098462202114,0.1488000410511004,0.034114591208615416,3.872570435974943,0.6913863052601478
FNO,torques,posvel,3-fold,fold2,eval,S05_a,shoulder,,1000,8,16,100,2292.2739446163177,0.31072151710428425,0.04509080188359825,0.26200420690048326,0.031611854967021485,1.5627210369746125,1.199427395403954,0.8619970920948674,0.28811354879509443,0.29181616096890167,0.04394146267928718,4.5976294668015685,1.2019204920264985
FNO,torques,posvel,3-fold,fold2,eval,S05_a,elbow,,1000,8,16,100,2292.2739446163177,0.2432343215528746,0.030771966306359772,0.2039829673400633,0.024604147706873764,0.5796718239484498,0.4810514507916705,0.7793442857168429,0.10685965397370889,0.23546195212127863,0.030676886138774118,1.6672628762777546,0.3807124152379761
FNO,torques,posvel,3-fold,fold2,eval,S09_a,shoulder,,1000,8,16,100,2292.2739446163177,0.3564398326984659,0.055111444031323065,0.3106414584410573,0.04296286975307343,3.1862828728666113,2.6497770855347382,0.8737368110651671,0.2633378752336794,0.34018958097305885,0.055107312416799455,8.250915678320409,1.8884674795319707
FNO,torques,posvel,3-fold,fold2,eval,S09_a,elbow,,1000,8,16,100,2292.2739446163177,0.5368127117755851,0.03264705018286577,0.48696474714982224,0.025842660311051233,1.8374563432864326,1.7176719704033192,1.097910078157593,0.12146997965937639,0.2502893851269758,0.03243636894406165,3.771067262820489,0.6639330356123562
FNO,torques,posvel,3-fold,fold2,eval,S12_c,shoulder,,1000,8,16,100,2292.2739446163177,0.38802414525425816,0.04388221538305875,0.312505105400817,0.03297765212893687,2.6298603975252774,2.0660277066605497,1.145372687304247,0.23991488993326848,0.377233943016474,0.04388150963656375,8.271898987934073,2.4973305084323743
FNO,torques,posvel,3-fold,fold2,eval,S12_c,elbow,,1000,8,16,100,2292.2739446163177,0.3585917116026647,0.05447553093821274,0.29144906523530695,0.046439281690356174,0.7378819102929984,0.5912122376384871,1.1661703671959707,0.13225726800298535,0.356688406102792,0.05225087084584243,2.4089028191716255,0.7378371579518179
FNO,torques,posvel,3-fold,fold2,eval,S14_c,shoulder,,1000,8,16,100,2292.2739446163177,0.456302576184525,0.04020929201580524,0.3556777353085031,0.03148322893706422,2.0483102950726204,1.5576927061354113,1.5306831937879424,0.16747067318345232,0.41617960062694226,0.0391271510294277,7.196297778772596,1.7030394364450987
FNO,torques,posvel,3-fold,fold2,eval,S14_c,elbow,,1000,8,16,100,2292.2739446163177,0.359411089367421,0.042742566361222444,0.28486105875797335,0.03609361568647049,0.6048092413762796,0.5181410501878214,1.3447779797986148,0.12502376615694583,0.3534367294057248,0.04119249751704299,1.5009891181730846,0.5068853151476245
FNO,torques,posvel,3-fold,fold2,eval,S16_c,shoulder,,1000,8,16,100,2292.2739446163177,0.33153577296594766,0.05072444036064209,0.28027046550883317,0.039409721232611314,2.988306697088517,2.506517684362633,0.8785030332535635,0.24789527760974348,0.3161401653756423,0.04862931889404311,7.66589462981638,2.7713719095737233
FNO,torques,posvel,3-fold,fold2,eval,S16_c,elbow,,1000,8,16,100,2292.2739446163177,0.3699708322192887,0.06360592115861086,0.3042506015771836,0.05360340320713675,1.393194676042217,1.043778234107888,0.9984091578048675,0.1577205138670006,0.315641691573761,0.06160927924738656,3.8175931155694567,1.1150935747617012
FNO,torques,posvel,3-fold,fold2,eval,S3_c,shoulder,,1000,8,16,100,2292.2739446163177,0.3702573974595767,0.04529951670864435,0.3066730408972935,0.03633534902551084,2.307544703668659,1.9038671521486825,1.1283574089535617,0.20784997183310436,0.36893358864866144,0.04275991957497006,7.386044323015865,2.284564492365868
FNO,torques,posvel,3-fold,fold2,eval,S3_c,elbow,,1000,8,16,100,2292.2739446163177,0.3569258816354801,0.06201855177662813,0.29291723306382006,0.05114140611507156,0.9544530806469924,0.7197421433136928,1.103866286812224,0.17847836637428835,0.2976723309899932,0.0594269633813846,3.147502624386621,0.7989226284869914
FNO,torques,posvel,3-fold,fold2,eval,S5_c,shoulder,,1000,8,16,100,2292.2739446163177,0.34509799054427975,0.04795842356653708,0.2839384274717165,0.03915993640893132,2.702084013239869,2.1759750271826377,0.9967838272780238,0.1859630742331999,0.3446499998127631,0.04732044773450485,8.318154970630252,2.6986419898460694
FNO,torques,posvel,3-fold,fold2,eval,S5_c,elbow,,1000,8,16,100,2292.2739446163177,0.30731250310420144,0.048298134513294844,0.2537049142510933,0.04082797450071058,0.9558904764926535,0.7605481263998906,1.1269654786033265,0.14150560846237667,0.30712233794567767,0.047466230317550664,3.1564643914586283,0.9435263589858957
FNO,torques,posvel,3-fold,fold2,eval,S9_c,shoulder,,1000,8,16,100,2292.2739446163177,0.38633576697928734,0.045892569383467585,0.3160195109155546,0.037798372692887466,1.969412763207996,1.581150542379107,1.0311549645759814,0.192491520755771,0.38489112494733224,0.04378637513395712,6.034755223706952,1.9253774734963767
FNO,torques,posvel,3-fold,fold2,eval,S9_c,elbow,,1000,8,16,100,2292.2739446163177,0.3507883117472302,0.053837136542236944,0.28585947055800515,0.04471909763116705,0.6609673093330982,0.5302762266208682,1.0377410010680181,0.14012636150606703,0.34841856744431926,0.052517602853451986,2.4361355905033855,0.6609168473697161
FNO,torques,posvel,3-fold,fold3,train,S02_a,shoulder,,1000,8,16,100,2373.0321073532104,0.40625064448362463,0.06232925476817437,0.3372062540650357,0.05844385325931438,1.0971581359651068,0.9431060559138491,1.3101796186050343,0.36534180205502415,0.2679741210832497,0.021958229299545422,5.04783529414714,1.0517345177148305
FNO,torques,posvel,3-fold,fold3,train,S02_a,elbow,,1000,8,16,100,2373.0321073532104,0.40957411085446593,0.06886950861097174,0.38623535486132654,0.06398107752083076,0.6884612099741915,0.5716734576596696,0.9135880211033649,0.1985192053376031,0.137745458291767,0.02663873141290004,2.7144216058250503,0.6505785197193543
FNO,torques,posvel,3-fold,fold3,train,S03_a,shoulder,,1000,8,16,100,2373.0321073532104,0.4028238345374588,0.04600995901617326,0.35381707293916,0.042697918142087996,2.0798737547527897,1.7879144712602,0.8585598031006227,0.15666138331983562,0.40270222415806173,0.017273252026761957,5.669112089136916,2.0622052538391507
FNO,torques,posvel,3-fold,fold3,train,S03_a,elbow,,1000,8,16,100,2373.0321073532104,0.3093482951507651,0.04472985712714567,0.2471033338076219,0.03830265413736353,0.5899807861658614,0.4380095489568556,0.9478611918454112,0.11707331476162842,0.29492695917067535,0.034867611793573575,2.2883773003120176,0.5127306000537154
FNO,torques,posvel,3-fold,fold3,train,S05_a,shoulder,,1000,8,16,100,2373.0321073532104,0.2970468287735887,0.05907341630580558,0.25672156243388033,0.057450491148382625,1.2034768971295973,1.0433496587823679,0.7023473130577442,0.10351588914289106,0.2938297504665243,0.013751711924288763,3.161333467151391,1.1430971060676456
FNO,torques,posvel,3-fold,fold3,train,S05_a,elbow,,1000,8,16,100,2373.0321073532104,0.28743080930952747,0.057431152738999465,0.21723953250800987,0.04988560191475458,0.5897703897746633,0.5164079511141615,1.0108464680287477,0.15209834161832905,0.2425146395639243,0.03345757405441058,1.5267507937909581,0.3002803929752071
FNO,torques,posvel,3-fold,fold3,train,S06_a,shoulder,,1000,8,16,100,2373.0321073532104,0.31104334551163254,0.050387946437077696,0.256070836425888,0.04737043416523018,1.049709073918087,0.9096474448354898,0.702102763299558,0.13872998521755248,0.2377825755149203,0.017325967931092052,3.256304903216094,1.0179814263936267
FNO,torques,posvel,3-fold,fold3,train,S06_a,elbow,,1000,8,16,100,2373.0321073532104,0.3203469908953661,0.05582197331833024,0.2796645585451138,0.049899613703680804,0.5424274249008018,0.43832128659109204,0.8159252252066054,0.13145175342056592,0.17622142849188474,0.029758461631611468,1.91705577887395,0.5129268085367732
FNO,torques,posvel,3-fold,fold3,train,S09_a,shoulder,,1000,8,16,100,2373.0321073532104,0.3369508556065943,0.03568862037714555,0.28898693624922867,0.032010161588574074,1.8712807418556603,1.604981046835012,0.8308407676248202,0.18098820487595776,0.32776316947425405,0.016584592731444938,5.368035696066709,1.8250918777522607
FNO,torques,posvel,3-fold,fold3,train,S09_a,elbow,,1000,8,16,100,2373.0321073532104,0.3161579725278316,0.04164384371855836,0.2729155194880466,0.03245384015812489,0.7022399977058689,0.5760178358771313,1.0968435521768587,0.1587335316008804,0.2405624755983094,0.041258204166567884,1.9716109164864455,0.6224608568676548
FNO,torques,posvel,3-fold,fold3,train,S10_c,shoulder,,1000,8,16,100,2373.0321073532104,0.4472026840804711,0.048775441116713454,0.35352850261313634,0.04092184774067571,2.7010265813223566,2.087264598994088,1.2554514918061437,0.40302944009197283,0.4052596039467554,0.028735637271727676,7.862609118867553,2.479368898400081
FNO,torques,posvel,3-fold,fold3,train,S10_c,elbow,,1000,8,16,100,2373.0321073532104,0.41974743655748786,0.0513420666006702,0.3355291512667521,0.04361500299348583,0.6893109838153282,0.5482024115646394,1.4014649124321965,0.23872928238955016,0.36979677285421786,0.047800556023956116,2.493561216652242,0.6833378769724142
FNO,torques,posvel,3-fold,fold3,train,S11_c,shoulder,,1000,8,16,100,2373.0321073532104,0.41536776220022203,0.039623721784049284,0.3306461018264367,0.033340651638044706,2.011617814786688,1.609207675719066,1.197915646646046,0.20996426429049128,0.38260536802180445,0.02977863469287078,6.00866727748698,1.9333668678535714
FNO,torques,posvel,3-fold,fold3,train,S11_c,elbow,,1000,8,16,100,2373.0321073532104,0.4299177329096971,0.09727233471991802,0.3610764626824938,0.08579413230573389,0.599214194545566,0.4648074764326642,1.2127441615526249,0.2658875549916805,0.29580866196788264,0.050726257376093084,1.8325036674328943,0.5374045566230693
FNO,torques,posvel,3-fold,fold3,train,S12_a,shoulder,,1000,8,16,100,2373.0321073532104,0.37818065804223594,0.03421110967454232,0.31666238779555517,0.029866857661566767,2.3038726898640927,2.020181536999209,0.8977177707687398,0.15997604702403825,0.23014453053563144,0.021194643093962576,7.100720297891933,1.1816808508740206
FNO,torques,posvel,3-fold,fold3,train,S12_a,elbow,,1000,8,16,100,2373.0321073532104,0.13711137377974988,0.03871546546870986,0.10863268280083341,0.03175598388420627,1.271201150230281,1.1074414945310584,0.6474960126270748,0.143913900754295,0.12961293267109095,0.035910584234842086,3.515749079392511,0.6420515186941338
FNO,torques,posvel,3-fold,fold3,train,S12_c,shoulder,,1000,8,16,100,2373.0321073532104,0.3996080667766059,0.0207735891491059,0.320904187763641,0.015604160052511855,2.820585490342757,2.2057842240757557,1.1196878556134242,0.11937373819283303,0.37778942528,0.01966940697023954,8.778862700472132,2.5216347046662952
FNO,torques,posvel,3-fold,fold3,train,S12_c,elbow,,1000,8,16,100,2373.0321073532104,0.35553652513416895,0.037412470343820496,0.28970697494945546,0.03252449101863632,0.7978295865341319,0.6748968361092642,0.9579096295797738,0.11750502232071355,0.352510024372216,0.03457090844215629,2.270457467082825,0.757518950721105
FNO,torques,posvel,3-fold,fold3,train,S14_a,shoulder,,1000,8,16,100,2373.0321073532104,0.26651274456243246,0.06986375964301995,0.23108536972820404,0.06920856742053234,0.7605857282649778,0.5923216724913565,0.695922614902464,0.11064874249233875,0.24964090088640142,0.009545632878719514,2.409772895902606,0.7184691181704098
FNO,torques,posvel,3-fold,fold3,train,S14_a,elbow,,1000,8,16,100,2373.0321073532104,0.3266428366464174,0.07012209656101415,0.2854435432371475,0.06513703274752408,0.38458237909179566,0.32604338450106796,0.8872249885094243,0.14036031602729213,0.17489269910105998,0.026485376802544543,1.2118351722524652,0.23153023824177915
FNO,torques,posvel,3-fold,fold3,train,S14_c,shoulder,,1000,8,16,100,2373.0321073532104,0.45436829216886454,0.027301836607030158,0.35527576086391555,0.02191677878270686,2.0449477983948987,1.5588507325089542,1.4448246161839775,0.19004613493098357,0.4198373598492549,0.019253358529675715,6.8182749845713335,1.73484289051256
FNO,torques,posvel,3-fold,fold3,train,S14_c,elbow,,1000,8,16,100,2373.0321073532104,0.35825935425311517,0.033667032328091664,0.2871885647651519,0.025555744210983073,0.6123483347269933,0.5207958718796376,1.2597030081888871,0.14245695022787666,0.3521069292546097,0.027726400310633507,1.6562715699728632,0.5269839581488662
FNO,torques,posvel,3-fold,fold3,train,S15_c,shoulder,,1000,8,16,100,2373.0321073532104,0.40031403218748185,0.035251308709762626,0.3287909774896265,0.027907626117625987,2.988918969652332,2.3813306604030897,1.1523514352208404,0.1627747233922547,0.389249561046843,0.026048627499314848,9.26615114521271,2.8121592836872713
FNO,torques,posvel,3-fold,fold3,train,S15_c,elbow,,1000,8,16,100,2373.0321073532104,0.2969893625073847,0.03825794739603529,0.23701331915563542,0.03313169527902403,0.8093432409923259,0.6623554392330578,1.0195049246772134,0.11420517713707792,0.29698730623756187,0.03633822197339075,2.8042784732887744,0.8000742453193281
FNO,torques,posvel,3-fold,fold3,train,S16_c,shoulder,,1000,8,16,100,2373.0321073532104,0.3239114776074889,0.047756981113776506,0.26962961316808,0.0380234291266173,2.876496464921596,2.3830208699879565,0.9104638623315406,0.38381007364550723,0.321742258824038,0.03238676861544286,7.549789442379306,2.854911248444824
FNO,torques,posvel,3-fold,fold3,train,S16_c,elbow,,1000,8,16,100,2373.0321073532104,0.33074416985639066,0.058564552376155536,0.27586462292863867,0.050139586565588035,1.240348215951886,0.9689701589349538,0.8822029606693098,0.19527584186065602,0.3189068269956216,0.04490885053678583,3.609488650866882,1.155552058248742
FNO,torques,posvel,3-fold,fold3,train,S17_c,shoulder,,1000,8,16,100,2373.0321073532104,0.367678017187411,0.06950019984925968,0.30132705552595823,0.047250739567162345,2.976055970077757,2.4094223392219956,0.9785796635233563,0.7060025017823437,0.3668440935043216,0.05278289796471455,8.97918576603581,2.9581177092099535
FNO,torques,posvel,3-fold,fold3,train,S17_c,elbow,,1000,8,16,100,2373.0321073532104,0.31135223213216323,0.05357602903228498,0.2539466528751307,0.0436040500247388,1.041655965582479,0.8237805085978293,1.0149004343848171,0.2970963406539716,0.3025836276651053,0.05170209109642145,3.7739368771825905,1.0181730045535384
FNO,torques,posvel,3-fold,fold3,train,S1_c,shoulder,,1000,8,16,100,2373.0321073532104,0.37146231638938415,0.07087609464206543,0.3085274604497804,0.06302739229013524,2.845934275471115,2.3854184342834555,1.370934596078524,0.2359884545722911,0.3598483689272597,0.03395894915557288,9.533317745760302,2.6562653168259143
FNO,torques,posvel,3-fold,fold3,train,S1_c,elbow,,1000,8,16,100,2373.0321073532104,0.4686488110902041,0.11982643285902161,0.38773917113610545,0.10779179323555199,1.1690631981166906,0.9278018050198777,1.2921697770276366,0.27530935083900226,0.303618681299902,0.061133442022381766,3.212731066185198,0.7752216182697654
FNO,torques,posvel,3-fold,fold3,train,S3_c,shoulder,,1000,8,16,100,2373.0321073532104,0.37060850141372803,0.024123417167469748,0.30042000821334924,0.017317052361331957,2.349945779125126,1.8404234193549678,1.1316898025353188,0.17830346819967788,0.3686384390690051,0.023363923765311666,7.814570149782181,2.2958571289810514
FNO,torques,posvel,3-fold,fold3,train,S3_c,elbow,,1000,8,16,100,2373.0321073532104,0.2947686229656219,0.03783451606056536,0.23604659811259984,0.028005466755705748,0.8167551691969391,0.6710653672586129,0.8770590685271819,0.15639232347223186,0.29472319631594807,0.03722731251976007,2.815083952384859,0.8165855430649075
FNO,torques,posvel,3-fold,fold3,train,S5_c,shoulder,,1000,8,16,100,2373.0321073532104,0.349419608026525,0.02051206690674154,0.28396470238187155,0.015400395725531835,2.8090650338459184,2.228567781153005,0.9619124390881826,0.08164691945220702,0.34922135819553285,0.019588772607146678,8.679652508970818,2.7639790012002607
FNO,torques,posvel,3-fold,fold3,train,S5_c,elbow,,1000,8,16,100,2373.0321073532104,0.31433159484279943,0.047354826932144725,0.2606556481370264,0.03834563069707618,0.9799237173403269,0.8039552575126323,0.9537992035789126,0.22195634387738566,0.3087748905387561,0.047140117533953245,3.097843104402649,0.9787729700655511
FNO,torques,posvel,3-fold,fold3,train,S7_c,shoulder,,1000,8,16,100,2373.0321073532104,0.38529983788389605,0.030395527722248707,0.3107968381705667,0.020210637336243058,4.086630059762251,3.1751460917621284,1.051326214089764,0.5067848486113208,0.36664811427340954,0.02958828650607249,12.461057957688425,3.6051700569541176
FNO,torques,posvel,3-fold,fold3,train,S7_c,elbow,,1000,8,16,100,2373.0321073532104,0.3169689410843262,0.058244022291181086,0.2604729091626552,0.04425487985139923,1.2784298735964295,1.0840992120343738,1.0465332555968685,0.30181728045165335,0.30044452578377556,0.042550352009797524,3.1307671011521565,1.1241120310799915
FNO,torques,posvel,3-fold,fold3,train,S9_c,shoulder,,1000,8,16,100,2373.0321073532104,0.39236755957207814,0.02175389236636253,0.3206479561588697,0.016315229956751522,2.1303577461329573,1.6948724283665957,1.0003658574917071,0.1475697599115109,0.38491729482010534,0.021319815159068795,6.198234945901902,1.95722983817288
FNO,torques,posvel,3-fold,fold3,train,S9_c,elbow,,1000,8,16,100,2373.0321073532104,0.3834091173262793,0.03947641426000864,0.3153927943505719,0.029734226730216883,0.7405669248833803,0.6400521713512474,0.9249029658397876,0.2052778644170953,0.3494873470478486,0.038998560560425194,2.4573562859744893,0.6903399181904412
FNO,torques,posvel,3-fold,fold3,eval,S01_a,shoulder,,1000,8,16,100,2373.0321073532104,0.39555618093521855,0.04244622821861907,0.3263229831193263,0.03993607457945405,1.5376861497768752,1.340723168532916,0.8509225528494184,0.09557384096797393,0.29581659088676726,0.014392354257738294,3.1411292405225693,1.168303583930301
FNO,torques,posvel,3-fold,fold3,eval,S01_a,elbow,,1000,8,16,100,2373.0321073532104,0.19087643617070563,0.04351070104744007,0.16462822497868032,0.036063596982308994,0.6926144233280114,0.549194179770004,0.4953419818893734,0.13406466752193574,0.16681338077264568,0.0395384736321731,2.0218135499812364,0.5018246254224394
FNO,torques,posvel,3-fold,fold3,eval,S04_a,shoulder,,1000,8,16,100,2373.0321073532104,0.31678366768507144,0.03921105093791585,0.26784392685668473,0.034228255157542575,1.8191547111408763,1.550969667103221,0.8879607004762214,0.178313124446088,0.2810499399212873,0.02336660318435674,7.569158234096909,1.523624230515756
FNO,torques,posvel,3-fold,fold3,eval,S04_a,elbow,,1000,8,16,100,2373.0321073532104,0.22158586961405602,0.04175359714456742,0.16976460571076132,0.033874322789140446,0.9208142257146269,0.7563478880726231,0.7392346033218743,0.15529721683279152,0.20150858603202468,0.04119659609946106,3.2908726528850245,0.590557696756782
FNO,torques,posvel,3-fold,fold3,eval,S10_a,shoulder,,1000,8,16,100,2373.0321073532104,0.2172623059534767,0.07995721368526942,0.18513630141919402,0.07833170103190654,0.9901834324195232,0.7875275860955487,0.6067410132299048,0.12473932929349191,0.21557092381659976,0.016040593310717985,2.8014457573325324,0.6248966008662332
FNO,torques,posvel,3-fold,fold3,eval,S10_a,elbow,,1000,8,16,100,2373.0321073532104,0.43274841540478126,0.09795408418249409,0.39950346039103657,0.0956658600095026,0.7594070247174419,0.7206141825330055,0.8469130588476268,0.16874765505696102,0.16948927372415884,0.021048654034721396,1.3373909206034216,0.2397168420595242
FNO,torques,posvel,3-fold,fold3,eval,S13_c,shoulder,,1000,8,16,100,2373.0321073532104,0.358977913802591,0.022218123470848693,0.29107354942889907,0.016615603011418484,2.038294487312265,1.6243330804800709,1.023201112356189,0.11531137297343498,0.35829207237907934,0.021917734630041635,6.406785107300036,2.027896049677872
FNO,torques,posvel,3-fold,fold3,eval,S13_c,elbow,,1000,8,16,100,2373.0321073532104,0.3612963427330655,0.03708700819940151,0.2940316106926923,0.028726901799487427,0.863747179230552,0.7057246841530986,1.0762155950052827,0.17536696301296356,0.3575639331325276,0.03573006726037494,3.040520003053228,0.8634320757060885
FNO,torques,posvel,3-fold,fold3,eval,S2_c,shoulder,,1000,8,16,100,2373.0321073532104,0.37361599987943517,0.025939966284213502,0.3190981151042462,0.01975672231841601,2.1016886496397404,1.734244910466341,0.9232856473608354,0.11959568376447731,0.32658634251123325,0.019728143160836306,6.936828421024537,2.0251989573307934
FNO,torques,posvel,3-fold,fold3,eval,S2_c,elbow,,1000,8,16,100,2373.0321073532104,0.34222305029590155,0.04098066018827245,0.279491245530979,0.03551885168951457,0.9211775863889395,0.7388402434495088,0.8176894662222156,0.12390199067619337,0.30350639020970893,0.038918315934774135,2.8510116090773634,0.908882439093558
FNO,torques,posvel,3-fold,fold3,eval,S4_c,shoulder,,1000,8,16,100,2373.0321073532104,0.3957974619334024,0.0519671812799546,0.32059658617678927,0.0371856459716929,2.3826709417902134,1.8850873114112177,1.1313224036983474,0.20428990489708324,0.39498052969077807,0.05185126956040938,7.520587945024927,2.3789335397068405
FNO,torques,posvel,3-fold,fold3,eval,S4_c,elbow,,1000,8,16,100,2373.0321073532104,0.47633979573077734,0.05019178819205876,0.3864171221442396,0.030530221411871457,0.9525683393113481,0.7325903820774262,1.4372085664377254,0.3223224291582852,0.4474052781183017,0.0470607109696122,3.442543810185565,0.8797838294941378
FNO,torques,posvel,3-fold,fold3,eval,S6_c,shoulder,,1000,8,16,100,2373.0321073532104,0.3700899181316981,0.07376995947179614,0.30474829319600943,0.06559251690869271,2.6409426421784366,2.1721168811072906,1.1515381584327378,0.42790673115543326,0.36584923147941883,0.03422505620907085,8.609338386761722,2.622850825937111
FNO,torques,posvel,3-fold,fold3,eval,S6_c,elbow,,1000,8,16,100,2373.0321073532104,0.2774179719341332,0.08313614569291915,0.21799619878813334,0.07347466199719928,0.8562474346875281,0.6412477286630006,1.021539875910081,0.24465191318470222,0.25499191225456513,0.0623966401372747,3.0809576373681375,0.7694864344108003
FNO,torques,posvel,3-fold,fold3,eval,S8_c,shoulder,,1000,8,16,100,2373.0321073532104,0.4242387081311247,0.06247276823259152,0.3604486441700047,0.0529379501282671,3.043131731527034,2.600670507591786,0.9842188941615693,0.2074770646121783,0.40802519238619467,0.03556768289884266,7.450051623549492,2.8630831459624013
FNO,torques,posvel,3-fold,fold3,eval,S8_c,elbow,,1000,8,16,100,2373.0321073532104,0.44962102579719143,0.1384770525157949,0.36991235050394733,0.13048497706762535,1.2708819180594708,0.9778833573669347,1.347019793374107,0.3039518661557771,0.32025313324922094,0.04942646174511861,4.149565972545744,0.8982650121508979
